0:1 0 2518 644 650 2520 2532 2534 4 7 58 2608 2604 664 2602 2742 698 2743 2744 2745 2721 2693 33 693 2719 691 2789 2793 2796 273 4090 2816 4070 4066 4067 4043 4042 14 3876 3848 76 75 252 3693 3692 3771 3732 3737 3736 3756 3746 3752 3751 3750 1582 6256 411 414 9 8 
0:2 87 4376 1111 293 4387 4388 4390 1134 4474 295 4472 4462 4459 4458 4594 306 4586 4584 4585 4546 1142 4553 4555 6044 396 394 6048 6049 6017 1544 6015 6014 1555 1550 6136 1574 6133 6130 6210 405 6174 1569 6207 6201 6258 414 9 8 
0:3 10 8 
0:4 14 4010 3918 3921 3920 3917 985 3916 3879 3882 261 988 3890 964 3801 3802 3798 6112 6115 6116 403 6137 6127 6129 6211 6209 1571 6204 6205 6206 6201 6258 414 9 8 
0:5 2 133 1890 1888 7473 7456 7457 1884 7413 7412 7411 1875 486 15 7396 7558 16 7211 1824 1827 7182 1837 17 7169 1815 7161 7162 6538 6540 6544 6525 1653 6563 6562 6560 1660 8 
0:6 3 4992 1265 4994 4998 5005 1269 329 5018 5014 5047 1277 5043 5042 1291 5092 337 1289 5085 5081 339 5172 5174 5175 5176 1310 1311 5191 5412 5387 5398 355 1367 1368 1357 5349 5348 5365 5693 5712 5711 5710 1456 5707 377 5742 5743 5747 5748 5759 5756 1697 6709 6710 1700 10 8 
0:7 9 8 
0:8 19 807 67 3182 3241 3242 828 3245 3266 3264 834 3276 3275 835 9183 9160 12 8938 8631 8629 11 8724 8713 1604 6237 1603 6244 6245 6254 414 9 8 
0:9 1 9952 9951 9949 174 9929 9919 9896 9898 9899 9901 2501 9883 9882 9881 9555 2497 9559 9567 9710 9709 2457 9707 618 9614 9615 2452 9606 2442 2441 9052 9044 9043 9042 585 2288 9039 589 9125 12 8938 8631 8629 11 8647 8669 2191 8676 563 8675 6346 6338 1601 1593 6329 6247 6248 9 8 
1:2 87 4365 4361 4262 0 
1:3 10 1700 6720 6709 1697 5761 5758 5747 5743 5744 372 373 1456 1446 5716 1447 5344 5343 5354 5355 5319 5318 5311 1348 5310 1346 5291 5290 1315 5285 5283 5278 5246 5247 5250 5255 4884 4883 4882 4886 4888 4890 4891 4893 4856 4855 1252 4848 4361 4262 0 
1:4 14 4007 4004 997 4001 266 3966 3988 1009 3980 4296 4297 4288 4287 1087 4270 4259 4262 0 
1:5 2 7441 7440 7438 7436 7433 7432 7431 134 7355 7347 7349 7348 7327 1852 7322 7318 7315 7007 7003 7002 7001 1774 6992 6994 6982 6973 1766 6963 6965 6897 6906 6896 6871 6870 6833 6834 1729 1725 6815 5645 5638 5648 1430 5636 5634 1427 5536 5542 1405 5532 5530 5501 363 5502 105 1364 5511 5425 1370 5419 5414 5182 5183 5179 5170 5172 5173 5077 5220 5224 4914 4912 4920 4919 4925 327 4963 4927 1248 4954 4953 4361 4262 0 
1:6 3 4992 4979 4953 4361 4262 0 
1:7 9 414 1590 406 6202 6205 6204 6214 1578 6222 6220 6217 6124 6120 3788 953 1575 3789 1551 3797 401 3798 3802 3801 964 3894 989 991 3901 3904 3914 3913 994 3926 3925 998 3964 3970 3956 3971 1091 3973 3974 287 4297 4288 4311 4274 4270 4259 4262 0 
1:8 19 3156 3193 803 3112 801 3108 3105 802 794 3093 3094 789 0 
1:9 1 9952 2405 9376 2368 2358 3125 3123 3122 3101 796 3103 795 3093 3094 789 0 
2:3 10 1701 6719 6699 6700 6702 6696 1695 5768 5776 1461 5864 5865 5858 5856 5851 1481 1492 5892 5986 5985 5980 5981 5973 1511 5964 1508 5963 5955 5957 4651 4650 4649 4658 4660 4636 4635 4630 4576 4577 4578 1162 315 4599 4450 4456 4452 1124 4429 1113 317 4391 4393 4395 4397 4376 87 
2:4 14 4007 4004 997 4002 3964 3970 3958 264 1003 3951 3952 4326 4328 4338 4342 4343 88 297 4382 4372 4365 87 
2:5 2 133 1890 1888 7473 7456 7457 1884 7413 7412 7411 1875 486 15 7396 7558 16 7211 1824 1827 7182 1837 17 7169 1815 7161 7162 6538 6540 6544 6525 1653 6563 6562 6560 1660 8 10 6723 6722 1693 6700 6702 5762 5771 5775 5774 5867 5875 5876 5877 1485 5853 385 1492 5892 5986 5985 5980 5981 5973 1511 5964 1508 5963 5955 5957 4651 4650 4649 4658 4660 4636 4635 4630 4576 4577 4578 1162 315 4599 4450 4456 4452 1124 4429 1113 317 4391 4393 4395 4397 4376 87 
2:6 3 4992 4979 4953 4848 1217 4401 4398 87 
2:7 9 414 1590 406 6202 6205 6204 6214 1578 6216 6212 6129 6127 1574 6116 6115 6112 399 1548 3799 3897 6083 3899 6079 6076 3905 3906 3908 4526 4525 4524 4523 4522 4519 4518 4509 4514 4513 4491 305 4494 4485 4484 4482 4483 4473 1133 4389 4384 4387 293 1111 4376 87 
2:8 19 807 3179 3181 3183 3215 3214 3216 3218 822 3220 3359 3318 839 3355 851 3442 13 1031 4067 1034 1026 4080 4040 4127 4126 4129 4130 1049 1010 3983 3981 4295 286 4299 4288 4314 285 4273 4360 4359 4266 4363 4365 87 
2:9 1 9952 9951 9949 174 9929 9919 9896 9898 9899 9901 2501 9883 9882 9881 9555 2497 9559 9567 9710 9709 2457 9707 618 9614 9615 2452 9606 2442 2441 9052 9044 9043 9042 585 2288 9039 589 9125 12 9160 9183 3328 3355 851 3442 13 1031 4067 4043 4042 4031 1016 269 4000 4001 4002 3964 3970 3956 1003 3951 3952 4326 4328 4338 4342 1103 4344 297 4382 4372 4365 87 
3:4 14 4010 3918 3921 3920 3915 986 987 3881 3902 989 965 6083 6085 1541 6108 6107 6104 1550 6139 1564 6134 6132 6171 6178 6176 6177 6187 6188 5803 5802 1687 5800 6665 6670 6671 6680 10 
3:5 2 133 1890 1888 7473 7456 7457 1884 7413 7412 7411 1875 486 15 7396 7558 16 7211 1824 1827 7182 1837 17 7169 1815 7161 7162 6538 6540 6544 6525 1653 6563 6562 6560 1660 8 10 
3:6 3 4992 1265 4994 4998 5005 1269 329 5018 5014 5047 1277 5043 5042 1291 5092 337 1289 5085 5081 339 5172 5174 5175 5176 1310 1311 5191 5412 5387 5398 355 1367 1368 1357 5349 5348 5365 5693 5712 5711 5710 1456 5707 377 5742 5743 5747 5748 5759 5756 1697 6709 6710 1700 10 
3:7 9 413 6262 412 434 6272 6270 6648 6652 6661 6641 431 6673 6680 10 
3:8 19 807 67 3182 3241 3242 828 3245 3266 3264 834 3276 3275 835 9183 9160 12 8938 8631 8629 11 8724 8713 1604 6237 1603 6244 6245 6254 414 9 8 10 
3:9 1 9952 9951 9949 174 9929 9919 9896 9898 9899 9901 2501 9883 9882 9881 9555 2497 9559 9567 9710 9709 2457 9707 618 9614 9615 2452 9606 2442 2441 9052 9044 9043 9042 585 2288 9039 589 9125 12 8938 8631 8629 11 8647 8669 2191 8676 563 8675 6346 6338 1601 1593 6329 6247 6248 9 8 10 
4:5 2 133 1890 1888 7473 7456 7457 1884 7413 7412 7411 1875 486 15 7396 7558 16 7211 1824 1827 7217 7186 7164 44 7784 1967 7793 7792 7807 7805 7826 7823 7900 7899 7903 6414 6413 6394 2005 1619 6378 514 6377 8663 8665 2190 8658 11 8724 76 3848 3876 14 
4:6 3 4992 1265 1263 4991 4986 4984 4975 1259 4973 4970 4964 327 4926 4930 4933 4934 4935 4896 4889 4890 4881 4880 1239 4728 346 4723 91 4747 4712 4710 4709 4614 4615 313 4629 4630 4575 4581 4573 4547 4585 1144 4543 4542 4519 4517 3935 3934 3929 3928 3925 995 14 
4:7 9 6250 1594 6246 6242 6243 6240 8708 8707 8714 8704 8724 76 3848 3876 14 
4:8 19 807 3179 3181 3183 3215 3214 3216 3218 822 3220 3359 3318 839 3355 851 3442 13 1031 4067 4043 4042 14 
4:9 1 9952 9951 9949 174 9929 9919 9896 9898 9899 9901 2501 9883 9882 9881 9555 2497 9559 9567 9710 9709 2457 9707 618 9614 9615 2452 9606 2442 2441 9052 9044 9043 9042 585 2288 9039 589 9125 12 9160 9183 3328 3355 851 3442 13 1031 4067 4043 4042 14 
5:6 3 2 
5:7 9 8 6587 6725 6727 6716 6714 6793 6790 6788 6783 6822 6825 1750 445 6833 6870 6865 6863 6878 6880 1743 1742 2 
5:8 19 3155 3159 3160 3148 3150 3126 3125 2358 2368 9376 2405 9914 9915 9923 9928 9949 9951 2515 1 2 
5:9 1 2 
6:7 9 8 6587 6725 6727 6716 6714 6793 6790 6795 6797 6786 1718 1727 6826 6838 1729 6843 6846 6853 6852 5604 5575 3 
6:8 19 807 67 3182 3241 3242 828 3245 3266 3264 834 3276 3275 835 9183 9160 12 8938 8631 8629 11 8724 3731 3725 3732 3737 3736 3735 3758 3760 6223 6229 6228 6215 6204 6207 116 6176 6177 6187 6184 1567 5807 5817 5819 5818 5784 5778 5776 5862 5867 5869 375 376 5740 5742 372 5703 5701 5678 5677 5537 5536 5541 5552 5556 5583 5582 1411 1414 361 5575 3 
6:9 1 2 3 
7:8 19 807 67 3182 3241 3242 828 3245 3266 3264 834 3276 3275 835 9183 9160 12 8938 8631 8629 11 8724 8713 1604 6237 1603 6244 6245 6254 414 9 
7:9 1 9952 9951 9949 174 9929 9919 9896 9898 9899 9901 2501 9883 9882 9881 9555 2497 9559 9567 9710 9709 2457 9707 618 9614 9615 2452 9606 2442 2441 9052 9044 9043 9042 585 2288 9039 589 9125 12 8938 8631 8629 11 8647 8669 2191 8676 563 8675 6346 6338 1601 1593 6329 6247 6248 9 
8:9 1 9952 2516 9950 9925 9923 9922 9920 9916 2506 9911 9527 9531 9540 9541 9518 9510 2408 9489 9488 2406 9485 9486 9479 2400 9472 9470 9469 9386 9383 9385 9384 9391 9400 9362 9365 9361 9355 9351 2342 2344 9316 9317 9325 9324 9320 2352 3165 3166 3167 3158 19 
