POINTS 119
0 0 9
900 0 7
900 900 4
0 900 5
50 50 9
100 50 9
100 100 9
50 100 9
600 600 2
500 500 2
500 700 8
600 400 2
600 200 7
200 200 9
200 400 6
800 800 4
800 700 4
700 700 4
700 800 8
436 418 2
40 616 5
6 720 5
709 798 -1
831 221 7
842 25 7
620 10 7
281 132 9
117 233 9
624 375 2
196 560 0
120 868 5
627 622 8
583 562 2
243 428 0
669 786 8
642 798 8
865 768 4
862 696 4
858 534 1
817 278 1
647 289 2
793 154 7
824 20 7
844 50 7
78 138 9
82 61 -1
101 95 9
167 81 9
214 79 9
332 23 9
388 81 9
371 207 -1
270 109 9
413 342 -1
410 250 -1
396 217 -1
315 287 -1
230 351 -1
129 213 9
92 222 9
41 314 6
99 345 6
251 489 0
153 485 6
6 492 6
116 507 6
29 575 5
70 652 5
235 818 3
165 659 5
143 602 5
370 763 3
315 874 3
386 865 3
408 849 3
388 653 0
354 551 0
257 547 0
365 515 0
373 492 0
382 487 0
546 496 2
456 510 2
531 616 -1
451 656 0
521 705 8
524 808 8
643 887 8
571 837 8
534 797 8
684 641 4
764 679 4
767 613 4
842 613 4
779 536 1
875 526 1
786 503 1
730 475 1
823 433 1
839 486 1
845 295 1
753 364 1
848 302 1
748 412 1
719 297 1
618 294 2
417 258 0
443 287 0
457 284 0
531 234 0
455 242 0
441 215 0
511 22 7
549 1 7
618 81 7
627 172 7
638 206 7
738 106 7
687 48 7
EDGES 302
42 25
118 42
25 118
118 114
117 118
114 117
43 42
117 43
42 117
25 114
40 104
116 40
104 116
116 117
115 116
117 115
114 115
12 115
114 12
114 112
112 12
113 114
25 113
1 113
25 1
49 50
112 49
50 112
113 112
116 12
105 116
12 105
11 105
12 11
28 101
104 28
101 104
39 104
101 39
96 98
103 96
98 103
101 103
98 101
23 100
102 23
100 102
102 98
95 102
98 95
97 103
28 97
103 28
39 102
100 39
1 23
102 1
102 101
96 38
99 96
38 99
99 95
98 99
97 96
38 95
81 32
97 81
32 97
97 94
94 96
90 94
97 90
94 38
95 37
2 95
37 2
90 92
92 94
94 93
93 38
93 95
92 93
37 93
16 37
93 16
97 31
31 90
91 93
92 91
90 91
16 91
17 16
91 17
32 31
35 85
89 35
85 89
89 10
86 89
10 86
88 89
86 88
88 73
87 88
73 87
74 73
88 74
72 87
73 72
88 35
86 71
74 86
71 74
17 31
85 17
31 85
85 8
10 85
8 10
76 75
84 76
75 84
84 71
10 84
71 10
78 76
82 78
76 82
9 84
10 9
97 11
11 81
81 19
9 81
19 9
33 79
80 33
79 80
80 82
19 80
82 19
19 33
79 62
78 79
62 78
33 62
78 77
77 76
77 75
62 77
78 80
77 69
69 75
71 75
69 71
87 35
73 71
71 72
2 87
3 2
87 3
72 68
30 72
68 30
20 67
70 20
67 70
69 70
67 69
29 70
69 29
69 30
68 69
71 68
66 20
70 66
21 67
20 21
65 64
66 65
64 66
66 21
61 64
65 61
70 65
61 60
60 64
0 64
60 0
14 61
63 14
61 63
63 65
29 63
65 29
82 9
62 63
29 62
14 27
27 61
27 60
59 7
60 59
7 60
7 0
33 14
63 33
59 44
44 7
6 44
58 6
44 58
58 59
27 58
59 27
49 48
52 49
48 52
52 13
26 52
13 26
50 52
26 50
12 50
26 12
113 0
49 113
0 49
49 5
5 48
5 47
47 48
48 13
0 5
46 47
5 46
47 13
6 46
5 6
47 6
58 47
6 7
43 23
1 43
24 43
1 24
24 42
1 42
41 43
117 41
116 41
11 28
28 105
105 40
95 1
2 1
36 37
16 36
90 17
15 18
87 15
18 87
35 18
34 35
18 34
21 30
69 21
35 17
19 14
9 32
8 31
32 8
72 3
84 82
41 104
23 41
104 23
28 40
14 13
13 27
39 23
36 2
29 77
21 64
3 21
64 3
11 14
19 11
30 3
18 17
17 34
15 2
36 15
0 3
58 13
13 12
16 15
9 8
4 0
7 4
4 5
1 0
