0:1 38 96 97 31 8 9 84 75 77 29 
0:2 8 10 84 75 77 29 
0:3 68 69 29 
0:4 2 15 18 35 89 10 84 75 77 29 
0:5 3 30 69 29 
0:6 14 63 29 
0:7 1 43 117 114 12 11 19 80 79 62 29 
0:8 10 84 75 77 29 
0:9 0 7 59 27 61 63 29 
1:2 8 31 90 94 38 
1:3 68 71 10 85 31 90 94 38 
1:4 2 37 93 38 
1:5 3 30 68 71 10 85 31 90 94 38 
1:6 14 19 81 97 94 38 
1:7 1 102 98 99 38 
1:8 10 85 31 90 94 38 
1:9 0 5 47 13 12 105 28 103 96 38 
2:3 68 71 10 8 
2:4 2 36 16 17 31 8 
2:5 3 30 68 71 10 8 
2:6 14 19 9 8 
2:7 1 43 117 114 12 11 81 9 8 
2:8 10 8 
2:9 0 7 59 27 14 19 9 8 
3:4 2 87 88 86 71 68 
3:5 3 30 68 
3:6 14 33 62 77 69 68 
3:7 1 43 117 114 12 11 81 9 84 71 68 
3:8 10 71 68 
3:9 0 7 59 27 61 63 29 69 68 
4:5 3 2 
4:6 14 61 64 3 2 
4:7 1 2 
4:8 10 89 88 87 2 
4:9 0 1 2 
5:6 14 61 64 3 
5:7 1 0 3 
5:8 10 89 88 87 3 
5:9 0 3 
6:7 1 43 117 114 12 11 14 
6:8 10 84 82 19 14 
6:9 0 7 59 27 14 
7:8 10 85 31 90 91 93 95 1 
7:9 0 1 
8:9 0 7 59 27 14 19 9 10 
